1 89.242
2 106.835
3 143.777
4 147.551
5 163.791
6 154.655
7 144.481
8 154.770
9 155.704
10 150.376
11 172.734
12 143.012
13 154.575
14 137.110
15 141.781
16 137.610
17 164.340
18 145.544
19 161.815
20 149.766
21 180.038
22 138.999
23 168.728
24 148.531
25 152.415
26 147.807
27 151.665
28 176.727
29 150.763
30 178.456
31 153.686
32 148.323
33 172.570
34 154.589
35 172.229
36 168.347
37 151.530
38 150.689
39 149.458
40 151.568
41 138.622
42 153.068
43 153.131
44 151.922
45 136.415
46 174.252
47 148.539
48 149.541
49 137.970
50 137.799
51 127.638
52 168.931
53 158.390
54 155.980
55 155.291
56 138.763
57 144.812
58 142.446
59 120.306
60 137.092
61 136.729
62 149.095
63 174.194
64 146.187
65 124.370
66 148.231
67 173.835
68 140.943
69 154.997
70 147.275
71 142.979
72 147.009
73 148.048
74 150.171
75 162.232
76 157.316
77 151.313
78 166.452
79 156.099
80 144.787
81 163.141
82 168.776
83 163.699
84 140.626
85 155.063
86 142.373
87 144.046
88 135.653
89 163.796
90 155.385
91 133.370
92 168.222
93 154.392
94 149.493
95 147.614
96 156.252
97 146.195
98 170.319
99 151.257
100 152.801
101 165.531
102 163.182
103 134.545
104 155.676
105 148.087
106 144.408
107 174.803
108 152.440
109 150.914
110 146.255
111 162.477
112 131.553
113 127.606
114 157.923
115 128.494
116 139.735
117 144.690
118 151.047
119 145.175
120 163.201
121 125.296
122 150.423
123 143.690
124 149.012
125 162.938
126 133.680
127 168.676
128 148.687
129 167.071
130 157.928
131 153.164
132 142.239
133 135.927
134 171.160
135 140.884
136 151.012
137 132.288
138 138.744
139 156.625
140 148.902
141 168.441
142 150.578
143 148.560
144 123.752
145 151.597
146 182.928
147 151.237
148 153.394
149 166.881
150 152.450
151 145.400
152 151.928
153 166.258
154 147.977
155 157.041
156 164.614
157 151.618
158 152.417
159 147.791
160 167.403
161 153.349
162 167.744
163 160.888
164 168.428
165 170.126
166 175.026
167 130.252
168 150.070
169 155.754
170 182.838
171 176.766
172 153.697
173 141.965
174 135.668
175 186.387
176 168.665
177 160.298
178 138.275
179 162.056
180 144.613
181 152.996
182 158.200
183 135.036
184 180.963
185 156.161
186 133.029
187 158.600
188 168.882
189 162.296
190 156.799
191 161.423
192 155.675
193 145.786
194 180.559
195 157.965
196 161.842
197 159.995
198 198.174
199 176.503
200 170.951
201 162.157
202 151.089
203 148.573
204 169.137
205 179.166
206 186.699
207 173.680
208 143.012
209 183.291
210 189.921
211 175.664
212 163.095
213 179.103
214 183.212
215 163.981
216 171.010
217 181.984
218 184.938
219 165.954
220 185.680
221 188.700
222 178.322
223 199.855
224 203.985
225 193.376
226 174.684
227 187.477
228 191.758
229 170.413
230 188.885
231 198.193
232 199.073
233 224.546
234 200.137
235 205.798
236 220.711
237 214.025
238 192.430
239 203.091
240 211.652
241 192.140
242 221.349
243 209.206
244 224.669
245 194.648
246 244.446
247 229.053
248 215.021
249 223.220
250 222.572
251 216.094
252 186.508
253 219.290
254 220.765
255 192.773
256 195.560
257 162.988
258 168.977
259 167.250
260 148.373
261 169.576
262 141.737
263 159.406
264 150.461
265 165.379
266 163.656
267 124.274
268 144.435
269 137.194
270 156.598
271 147.726
272 145.285
273 161.451
274 150.453
275 161.393
276 160.410
277 175.653
278 176.613
279 168.966
280 163.622
281 182.087
282 172.193
283 170.031
284 167.193
285 172.299
286 185.367
287 172.873
288 196.993
289 172.948
290 166.348
291 189.462
292 195.016
293 199.199
294 187.634
295 204.547
296 217.618
297 223.760
298 212.260
299 190.496
300 221.829
301 229.582
302 238.999
303 237.407
304 213.628
305 235.313
306 245.847
307 243.040
308 213.944
309 293.036
310 268.908
311 240.371
312 275.716
313 258.317
314 290.231
315 236.996
316 265.444
317 237.707
318 287.965
319 262.511
320 265.075
321 246.118
322 252.101
323 202.843
324 242.830
325 205.352
326 176.485
327 212.746
328 207.755
329 195.083
330 208.341
331 219.199
332 202.140
333 204.075
334 168.419
335 189.558
336 169.969
337 151.627
338 174.994
339 182.693
340 152.837
341 187.037
342 151.699
343 169.519
344 181.682
345 198.555
346 169.820
347 155.422
348 141.693
349 178.971
350 149.532
351 158.511
352 168.807
353 162.655
354 155.339
355 144.683
356 137.510
357 144.004
358 141.666
359 133.671
360 153.738
361 148.862
362 151.569
363 157.224
364 162.188
365 159.325
366 192.238
367 145.114
368 166.376
369 156.549
370 194.533
371 187.854
372 194.179
373 209.690
374 192.450
375 195.445
376 256.035
377 216.184
378 240.513
379 266.139
380 211.248
381 280.205
382 268.797
383 280.663
384 276.633
385 225.794
386 277.447
387 259.964
388 282.443
389 286.572
390 263.332
391 269.314
392 284.088
393 278.329
394 251.717
395 226.667
396 246.981
397 240.542
398 231.945
399 213.808
400 215.199
401 222.869
402 201.667
403 197.643
404 196.026
405 175.304
406 144.929
407 161.090
408 153.489
409 150.713
410 130.376
411 123.461
412 126.254
413 121.100
414 107.629
415 118.557
416 92.261
417 97.913
418 119.419
419 107.875
420 101.017
421 118.197
422 103.355
423 92.858
424 99.046
425 96.847
426 113.240
427 112.526
428 91.374
429 117.564
430 100.603
431 114.578
432 112.154
433 108.660
434 114.339
435 113.398
436 126.533
437 113.629
438 114.041
439 145.236
440 147.641
441 150.784
442 133.672
443 142.370
444 129.999
445 155.635
446 145.557
447 166.845
448 147.842
449 152.481
450 154.648
451 160.575
452 184.405
453 193.330
454 170.468
455 181.579
456 192.922
457 157.185
458 180.691
459 177.961
460 167.944
461 151.418
462 117.634
463 153.824
464 162.059
465 165.619
466 158.197
467 173.093
468 162.184
469 163.292
470 181.387
471 150.423
472 154.495
473 145.271
474 125.840
475 148.995
476 127.814
477 136.853
478 134.383
479 131.581
480 152.544
481 124.761
482 137.671
483 136.496
484 143.585
485 134.570
486 130.429
487 113.892
488 102.257
489 111.332
490 106.240
491 105.611
492 114.158
493 89.115
494 109.800
495 104.466
496 95.361
497 102.381
498 92.297
499 79.656
500 113.900
501 89.024
502 90.493
503 86.015
504 89.809
505 96.465
506 87.592
507 94.129
508 84.895
509 73.886
510 62.810
511 82.339
512 80.185
513 81.962
514 85.722
515 82.196
516 103.115
517 92.351
518 85.697
519 91.133
520 87.178
521 88.316
522 81.512
523 79.196
524 90.886
525 67.443
526 97.005
527 80.720
528 100.047
529 83.148
530 100.169
531 90.851
532 110.622
533 82.083
534 97.762
535 96.115
536 88.323
537 115.564
538 104.218
539 91.572
540 89.879
541 105.536
542 92.607
543 82.691
544 84.534
545 88.490
546 100.461
547 106.699
548 89.514
549 78.690
550 100.410
551 91.472
552 101.570
553 105.499
554 96.650
555 116.330
556 83.676
557 101.433
558 86.521
559 79.704
560 107.527
561 107.725
562 115.749
563 95.376
564 115.523
565 98.469
566 97.922
567 107.566
568 96.147
569 91.606
570 110.364
571 84.575
572 89.530
573 95.480
574 126.164
575 94.933
576 116.500
577 108.814
578 116.316
579 122.633
580 121.087
581 96.356
582 101.295
583 85.071
584 85.964
585 97.218
586 86.854
587 81.341
588 72.055
589 79.044
590 61.206
591 58.904
592 68.919
593 77.561
594 59.063
595 62.447
596 63.065
597 63.936
598 59.400
599 69.648
600 55.631
601 58.247
602 54.428
603 49.836
604 48.459
605 57.313
606 63.094
607 57.980
608 56.875
609 58.374
610 67.784
611 52.008
612 45.210
613 60.909
614 58.669
615 68.472
616 54.851
617 63.512
618 73.011
619 60.798
620 68.224
621 75.899
622 94.917
623 66.620
624 58.226
625 71.847
626 74.978
627 68.828
628 81.400
629 80.818
630 87.668
631 77.395
632 73.846
633 101.753
634 81.043
635 94.067
636 95.775
637 96.099
638 110.311
639 117.405
640 95.185
641 107.339
642 97.678
643 120.112
644 114.108
645 136.808
646 117.212
647 132.793
648 122.576
649 124.050
650 164.947
651 145.754
652 128.622
653 120.913
654 132.571
655 139.188
656 119.574
657 156.484
658 132.201
659 147.631
660 113.684
661 141.705
662 136.913
663 164.137
664 141.182
665 159.849
666 137.272
667 131.198
668 131.924
669 149.969
670 142.657
671 139.978
672 156.981
673 142.933
674 115.465
675 132.156
676 135.550
677 131.461
678 133.840
679 115.371
680 125.318
681 128.809
682 122.557
683 136.036
684 114.495
685 120.797
686 103.506
687 103.485
688 95.962
689 106.986
690 94.386
691 100.976
692 90.182
693 93.922
694 95.974
695 70.957
696 88.411
697 94.500
698 76.891
699 92.322
700 65.314
701 84.617
702 93.134
703 92.130
704 76.976
705 77.620
706 77.834
707 62.956
708 76.711
709 77.371
710 66.712
711 63.667
712 64.114
713 54.903
714 63.317
715 62.487
716 55.561
717 78.033
718 68.330
719 50.529
720 63.680
721 53.811
722 62.683
723 54.998
724 44.087
725 52.650
726 52.471
727 62.408
728 69.728
729 52.211
730 54.221
731 53.673
732 64.415
733 55.355
734 46.521
735 56.698
736 47.807
737 64.915
738 38.196
739 39.179
740 55.205
741 55.109
742 70.472
743 52.522
744 58.050
745 49.754
746 47.751
747 58.132
748 54.232
749 54.362
750 51.573
751 39.513
752 56.236
753 53.525
754 47.093
755 53.052
756 48.990
757 63.556
758 62.537
759 53.524
760 47.944
761 53.305
762 54.870
763 61.524
764 50.917
765 65.380
766 60.184
767 59.487
768 53.681
769 37.498
770 63.568
771 57.495
772 43.464
773 58.818
774 55.292
775 45.765
776 49.297
777 55.220
778 63.450
779 50.445
780 44.536
781 49.841
782 48.387
783 49.523
784 46.785
785 64.682
786 60.713
787 52.695
788 48.768
789 66.268
790 59.927
791 62.155
792 53.834
793 53.150
794 51.311
795 53.855
796 60.058
797 56.506
798 63.102
799 50.947
800 60.433
801 53.898
802 57.871
803 57.301
804 48.924
805 58.928
806 51.562
807 44.494
808 66.616
809 51.190
810 43.155
811 54.441
812 66.640
813 51.523
814 44.850
815 68.743
816 58.149
817 46.617
818 66.423
819 54.809
820 56.778
821 51.778
822 63.670
823 57.322
824 70.260
825 53.092
826 69.589
827 54.266
828 58.221
829 51.996
830 66.309
831 61.638
832 67.876
833 64.784
834 74.047
835 67.754
836 73.170
837 53.529
838 65.105
839 51.523
840 62.760
841 62.401
842 60.801
843 53.486
844 62.464
845 70.398
846 75.482
847 84.266
848 64.076
849 50.504
850 62.643
851 55.197
852 56.480
853 80.507
854 68.978
855 62.802
856 66.299
857 66.510
858 53.151
859 67.004
860 71.655
861 55.145
862 65.038
863 68.625
864 62.557
865 53.850
866 80.195
867 72.993
868 63.993
869 66.455
870 65.139
871 61.080
872 58.898
873 81.779
874 71.115
875 66.356
876 58.769
877 89.136
878 76.375
879 52.179
880 67.497
881 73.004
882 77.266
883 79.478
884 95.481
885 63.744
886 83.149
887 67.234
888 73.291
889 53.430
890 67.875
891 69.470
892 72.432
893 66.940
894 54.431
895 64.977
896 79.803
897 86.478
898 71.660
899 80.922
900 84.078
901 77.219
902 82.771
903 74.429
904 59.907
905 88.941
906 62.638
907 76.511
908 74.876
909 80.945
910 81.094
911 72.033
912 71.685
913 67.831
914 74.954
915 85.737
916 62.226
917 62.946
918 78.980
919 57.210
920 59.413
921 54.497
922 53.992
923 46.745
924 64.936
925 47.420
926 54.606
927 44.514
928 52.916
929 50.536
930 55.811
931 36.622
932 47.524
933 43.728
934 31.359
935 45.475
936 39.619
937 45.794
938 41.791
939 36.920
940 33.634
941 35.612
942 31.303
943 37.979
944 27.448
945 42.218
946 29.667
947 29.217
948 30.697
949 28.834
950 40.408
951 33.402
952 33.283
953 30.664
954 32.051
955 32.029
956 29.941
957 33.728
958 37.540
959 44.305
960 38.108
961 39.777
962 32.054
963 37.794
964 41.892
965 37.637
966 49.178
967 42.631
968 34.699
969 41.626
970 43.215
971 52.068
972 45.181
973 34.969
974 45.497
975 55.144
976 45.457
977 50.859
978 50.145
979 42.989
980 70.006
981 59.397
982 51.511
983 82.305
984 57.489
985 53.395
986 67.581
987 83.666
988 95.432
989 78.692
990 89.799
991 104.308
992 76.118
993 97.745
994 103.387
995 90.808
996 83.719
997 78.674
998 94.070
999 72.227
