1 111.424
2 134.703
3 147.916
4 153.576
5 155.362
6 155.723
7 155.702
8 155.605
9 155.498
10 155.392
11 155.288
12 155.185
13 155.084
14 154.985
15 154.888
16 154.792
17 154.699
18 154.606
19 154.516
20 154.427
21 154.340
22 154.255
23 154.171
24 154.088
25 154.008
26 153.928
27 153.851
28 153.774
29 153.700
30 153.627
31 153.555
32 153.485
33 153.416
34 153.348
35 153.282
36 153.218
37 153.154
38 153.093
39 153.032
40 152.973
41 152.915
42 152.858
43 152.803
44 152.749
45 152.697
46 152.645
47 152.595
48 152.547
49 152.499
50 152.453
51 152.408
52 152.365
53 152.322
54 152.281
55 152.241
56 152.203
57 152.165
58 152.129
59 152.094
60 152.061
61 152.028
62 151.997
63 151.968
64 151.939
65 151.912
66 151.886
67 151.861
68 151.838
69 151.815
70 151.794
71 151.775
72 151.757
73 151.740
74 151.724
75 151.710
76 151.697
77 151.685
78 151.675
79 151.666
80 151.658
81 151.652
82 151.647
83 151.643
84 151.641
85 151.641
86 151.642
87 151.644
88 151.648
89 151.653
90 151.660
91 151.668
92 151.678
93 151.689
94 151.702
95 151.717
96 151.733
97 151.750
98 151.770
99 151.791
100 151.813
101 151.838
102 151.864
103 151.892
104 151.921
105 151.953
106 151.986
107 152.021
108 152.058
109 152.097
110 152.137
111 152.180
112 152.225
113 152.271
114 152.320
115 152.371
116 152.424
117 152.479
118 152.536
119 152.595
120 152.657
121 152.721
122 152.787
123 152.855
124 152.926
125 152.999
126 153.075
127 153.153
128 153.234
129 153.318
130 153.404
131 153.492
132 153.584
133 153.678
134 153.775
135 153.875
136 153.978
137 154.084
138 154.192
139 154.304
140 154.419
141 154.538
142 154.659
143 154.784
144 154.913
145 155.044
146 155.180
147 155.319
148 155.461
149 155.608
150 155.758
151 155.912
152 156.070
153 156.232
154 156.399
155 156.569
156 156.744
157 156.923
158 157.107
159 157.296
160 157.489
161 157.687
162 157.890
163 158.098
164 158.311
165 158.529
166 158.753
167 158.982
168 159.217
169 159.458
170 159.704
171 159.957
172 160.216
173 160.481
174 160.753
175 161.031
176 161.316
177 161.608
178 161.907
179 162.214
180 162.528
181 162.850
182 163.179
183 163.517
184 163.863
185 164.218
186 164.582
187 164.954
188 165.336
189 165.727
190 166.128
191 166.539
192 166.961
193 167.393
194 167.835
195 168.290
196 168.755
197 169.233
198 169.723
199 170.225
200 170.741
201 171.270
202 171.812
203 172.369
204 172.941
205 173.527
206 174.130
207 174.748
208 175.383
209 176.035
210 176.705
211 177.394
212 178.101
213 178.828
214 179.575
215 180.344
216 181.134
217 181.946
218 182.782
219 183.642
220 184.527
221 185.438
222 186.376
223 187.343
224 188.338
225 189.363
226 190.420
227 191.510
228 192.633
229 193.792
230 194.988
231 196.221
232 197.494
233 198.807
234 200.160
235 201.552
236 202.980
237 204.437
238 205.910
239 207.380
240 208.816
241 210.175
242 211.397
243 212.404
244 213.101
245 213.381
246 213.129
247 212.232
248 210.597
249 208.161
250 204.906
251 200.871
252 196.154
253 190.910
254 185.337
255 179.661
256 174.112
257 168.901
258 164.204
259 160.144
260 156.789
261 154.154
262 152.209
263 150.887
264 150.106
265 149.774
266 149.802
267 150.113
268 150.641
269 151.336
270 152.163
271 153.096
272 154.120
273 155.228
274 156.417
275 157.685
276 159.036
277 160.473
278 161.999
279 163.621
280 165.342
281 167.167
282 169.100
283 171.147
284 173.311
285 175.596
286 178.006
287 180.542
288 183.208
289 186.004
290 188.932
291 191.992
292 195.182
293 198.502
294 201.947
295 205.514
296 209.197
297 212.989
298 216.880
299 220.860
300 224.911
301 229.015
302 233.143
303 237.261
304 241.324
305 245.276
306 249.044
307 252.546
308 255.683
309 258.346
310 260.421
311 261.797
312 262.373
313 262.069
314 260.840
315 258.678
316 255.625
317 251.767
318 247.235
319 242.194
320 236.828
321 231.328
322 225.874
323 220.619
324 215.683
325 211.146
326 207.042
327 203.373
328 200.107
329 197.191
330 194.559
331 192.143
332 189.878
333 187.706
334 185.582
335 183.472
336 181.352
337 179.210
338 177.042
339 174.850
340 172.642
341 170.429
342 168.223
343 166.038
344 163.891
345 161.798
346 159.774
347 157.837
348 156.004
349 154.292
350 152.720
351 151.307
352 150.073
353 149.040
354 148.231
355 147.669
356 147.382
357 147.397
358 147.743
359 148.451
360 149.553
361 151.081
362 153.067
363 155.541
364 158.530
365 162.058
366 166.141
367 170.787
368 175.993
369 181.742
370 188.001
371 194.722
372 201.833
373 209.247
374 216.856
375 224.535
376 232.147
377 239.546
378 246.588
379 253.129
380 259.043
381 264.217
382 268.565
383 272.025
384 274.561
385 276.160
386 276.833
387 276.604
388 275.508
389 273.584
390 270.874
391 267.418
392 263.254
393 258.417
394 252.946
395 246.879
396 240.263
397 233.152
398 225.609
399 217.706
400 209.527
401 201.160
402 192.699
403 184.241
404 175.879
405 167.706
406 159.805
407 152.253
408 145.115
409 138.446
410 132.288
411 126.673
412 121.621
413 117.143
414 113.238
415 109.899
416 107.111
417 104.854
418 103.104
419 101.832
420 101.010
421 100.605
422 100.587
423 100.923
424 101.585
425 102.541
426 103.764
427 105.228
428 106.907
429 108.777
430 110.818
431 113.006
432 115.323
433 117.750
434 120.269
435 122.861
436 125.511
437 128.201
438 130.914
439 133.635
440 136.348
441 139.036
442 141.684
443 144.276
444 146.796
445 149.230
446 151.562
447 153.778
448 155.864
449 157.808
450 159.597
451 161.219
452 162.664
453 163.924
454 164.990
455 165.856
456 166.515
457 166.965
458 167.203
459 167.228
460 167.041
461 166.644
462 166.040
463 165.235
464 164.235
465 163.047
466 161.681
467 160.146
468 158.454
469 156.616
470 154.646
471 152.555
472 150.358
473 148.069
474 145.702
475 143.272
476 140.791
477 138.276
478 135.738
479 133.192
480 130.650
481 128.124
482 125.625
483 123.164
484 120.752
485 118.396
486 116.105
487 113.886
488 111.745
489 109.688
490 107.718
491 105.840
492 104.056
493 102.368
494 100.778
495 99.284
496 97.888
497 96.589
498 95.384
499 94.273
500 93.253
501 92.320
502 91.473
503 90.709
504 90.022
505 89.411
506 88.872
507 88.400
508 87.992
509 87.644
510 87.354
511 87.116
512 86.928
513 86.786
514 86.687
515 86.628
516 86.606
517 86.618
518 86.663
519 86.736
520 86.837
521 86.962
522 87.111
523 87.281
524 87.472
525 87.680
526 87.906
527 88.149
528 88.406
529 88.677
530 88.962
531 89.260
532 89.570
533 89.892
534 90.226
535 90.570
536 90.926
537 91.292
538 91.669
539 92.057
540 92.455
541 92.864
542 93.283
543 93.714
544 94.155
545 94.608
546 95.073
547 95.549
548 96.037
549 96.537
550 97.050
551 97.577
552 98.116
553 98.669
554 99.237
555 99.818
556 100.413
557 101.023
558 101.646
559 102.282
560 102.928
561 103.583
562 104.243
563 104.902
564 105.553
565 106.188
566 106.793
567 107.355
568 107.854
569 108.270
570 108.578
571 108.749
572 108.755
573 108.565
574 108.148
575 107.477
576 106.525
577 105.276
578 103.718
579 101.848
580 99.677
581 97.223
582 94.517
583 91.602
584 88.526
585 85.347
586 82.125
587 78.922
588 75.798
589 72.806
590 69.996
591 67.406
592 65.065
593 62.991
594 61.194
595 59.672
596 58.418
597 57.416
598 56.648
599 56.093
600 55.727
601 55.528
602 55.475
603 55.549
604 55.733
605 56.015
606 56.382
607 56.827
608 57.343
609 57.926
610 58.573
611 59.284
612 60.057
613 60.893
614 61.794
615 62.760
616 63.794
617 64.895
618 66.067
619 67.309
620 68.624
621 70.011
622 71.471
623 73.004
624 74.609
625 76.286
626 78.034
627 79.849
628 81.731
629 83.676
630 85.680
631 87.740
632 89.852
633 92.009
634 94.206
635 96.437
636 98.695
637 100.973
638 103.264
639 105.558
640 107.848
641 110.125
642 112.379
643 114.602
644 116.783
645 118.913
646 120.982
647 122.981
648 124.901
649 126.731
650 128.463
651 130.089
652 131.599
653 132.987
654 134.245
655 135.366
656 136.345
657 137.176
658 137.855
659 138.378
660 138.743
661 138.947
662 138.990
663 138.871
664 138.592
665 138.154
666 137.559
667 136.812
668 135.915
669 134.875
670 133.696
671 132.386
672 130.952
673 129.400
674 127.739
675 125.978
676 124.125
677 122.190
678 120.182
679 118.111
680 115.985
681 113.815
682 111.610
683 109.379
684 107.132
685 104.877
686 102.623
687 100.378
688 98.149
689 95.945
690 93.771
691 91.635
692 89.542
693 87.496
694 85.504
695 83.569
696 81.694
697 79.884
698 78.140
699 76.464
700 74.858
701 73.323
702 71.860
703 70.468
704 69.149
705 67.900
706 66.721
707 65.612
708 64.570
709 63.594
710 62.681
711 61.831
712 61.040
713 60.307
714 59.628
715 59.002
716 58.426
717 57.897
718 57.412
719 56.970
720 56.567
721 56.202
722 55.871
723 55.573
724 55.305
725 55.065
726 54.850
727 54.660
728 54.492
729 54.344
730 54.215
731 54.103
732 54.007
733 53.924
734 53.855
735 53.797
736 53.750
737 53.713
738 53.684
739 53.663
740 53.650
741 53.642
742 53.641
743 53.644
744 53.652
745 53.664
746 53.680
747 53.700
748 53.722
749 53.747
750 53.775
751 53.804
752 53.836
753 53.870
754 53.905
755 53.941
756 53.980
757 54.019
758 54.059
759 54.101
760 54.144
761 54.188
762 54.232
763 54.278
764 54.325
765 54.372
766 54.420
767 54.469
768 54.519
769 54.569
770 54.621
771 54.673
772 54.726
773 54.779
774 54.834
775 54.889
776 54.945
777 55.002
778 55.060
779 55.118
780 55.177
781 55.238
782 55.299
783 55.360
784 55.423
785 55.487
786 55.551
787 55.616
788 55.683
789 55.750
790 55.818
791 55.887
792 55.957
793 56.028
794 56.100
795 56.174
796 56.248
797 56.323
798 56.399
799 56.477
800 56.555
801 56.635
802 56.716
803 56.798
804 56.881
805 56.966
806 57.051
807 57.138
808 57.227
809 57.316
810 57.407
811 57.499
812 57.593
813 57.688
814 57.785
815 57.882
816 57.982
817 58.083
818 58.185
819 58.289
820 58.395
821 58.502
822 58.611
823 58.722
824 58.835
825 58.949
826 59.065
827 59.183
828 59.302
829 59.424
830 59.548
831 59.673
832 59.801
833 59.931
834 60.063
835 60.197
836 60.333
837 60.472
838 60.612
839 60.756
840 60.901
841 61.050
842 61.200
843 61.353
844 61.509
845 61.668
846 61.829
847 61.993
848 62.161
849 62.331
850 62.504
851 62.680
852 62.859
853 63.042
854 63.228
855 63.417
856 63.610
857 63.807
858 64.007
859 64.211
860 64.419
861 64.631
862 64.846
863 65.067
864 65.291
865 65.520
866 65.753
867 65.991
868 66.234
869 66.481
870 66.734
871 66.992
872 67.255
873 67.524
874 67.798
875 68.078
876 68.364
877 68.656
878 68.955
879 69.260
880 69.571
881 69.889
882 70.215
883 70.547
884 70.886
885 71.232
886 71.585
887 71.945
888 72.311
889 72.683
890 73.060
891 73.440
892 73.823
893 74.205
894 74.584
895 74.957
896 75.319
897 75.665
898 75.989
899 76.284
900 76.541
901 76.751
902 76.903
903 76.986
904 76.990
905 76.901
906 76.707
907 76.398
908 75.962
909 75.390
910 74.676
911 73.813
912 72.801
913 71.640
914 70.336
915 68.895
916 67.331
917 65.658
918 63.894
919 62.059
920 60.176
921 58.268
922 56.358
923 54.470
924 52.625
925 50.844
926 49.145
927 47.542
928 46.047
929 44.667
930 43.410
931 42.275
932 41.263
933 40.370
934 39.591
935 38.917
936 38.341
937 37.853
938 37.445
939 37.105
940 36.826
941 36.599
942 36.414
943 36.266
944 36.148
945 36.054
946 35.980
947 35.922
948 35.877
949 35.843
950 35.818
951 35.801
952 35.793
953 35.793
954 35.802
955 35.823
956 35.857
957 35.907
958 35.978
959 36.074
960 36.202
961 36.368
962 36.582
963 36.853
964 37.192
965 37.612
966 38.128
967 38.754
968 39.507
969 40.403
970 41.459
971 42.692
972 44.118
973 45.749
974 47.596
975 49.664
976 51.955
977 54.464
978 57.179
979 60.078
980 63.134
981 66.307
982 69.552
983 72.814
984 76.028
985 79.127
986 82.036
987 84.680
988 86.985
989 88.876
990 90.289
991 91.165
992 91.458
993 91.135
994 90.179
995 88.588
996 86.378
997 83.581
998 80.243
999 76.425
