1 156.586
2 156.457
3 156.330
4 156.206
5 156.084
6 155.964
7 155.847
8 155.732
9 155.619
10 155.508
11 155.399
12 155.293
13 155.188
14 155.086
15 154.985
16 154.887
17 154.790
18 154.695
19 154.602
20 154.510
21 154.421
22 154.333
23 154.247
24 154.162
25 154.080
26 153.998
27 153.919
28 153.841
29 153.764
30 153.689
31 153.616
32 153.544
33 153.474
34 153.405
35 153.337
36 153.271
37 153.206
38 153.143
39 153.081
40 153.021
41 152.962
42 152.904
43 152.847
44 152.792
45 152.738
46 152.686
47 152.635
48 152.585
49 152.536
50 152.489
51 152.443
52 152.398
53 152.354
54 152.312
55 152.271
56 152.232
57 152.193
58 152.156
59 152.120
60 152.085
61 152.052
62 152.020
63 151.989
64 151.960
65 151.931
66 151.904
67 151.878
68 151.854
69 151.831
70 151.809
71 151.788
72 151.769
73 151.751
74 151.734
75 151.719
76 151.704
77 151.692
78 151.680
79 151.670
80 151.662
81 151.654
82 151.648
83 151.644
84 151.641
85 151.639
86 151.639
87 151.640
88 151.642
89 151.646
90 151.652
91 151.659
92 151.668
93 151.678
94 151.689
95 151.703
96 151.717
97 151.734
98 151.752
99 151.772
100 151.793
101 151.816
102 151.841
103 151.867
104 151.895
105 151.925
106 151.957
107 151.991
108 152.026
109 152.064
110 152.103
111 152.144
112 152.187
113 152.232
114 152.279
115 152.328
116 152.379
117 152.433
118 152.488
119 152.546
120 152.605
121 152.667
122 152.732
123 152.798
124 152.867
125 152.938
126 153.012
127 153.088
128 153.167
129 153.248
130 153.332
131 153.419
132 153.508
133 153.600
134 153.695
135 153.792
136 153.893
137 153.996
138 154.102
139 154.212
140 154.324
141 154.440
142 154.559
143 154.681
144 154.806
145 154.935
146 155.067
147 155.203
148 155.343
149 155.486
150 155.633
151 155.784
152 155.938
153 156.097
154 156.260
155 156.427
156 156.598
157 156.773
158 156.953
159 157.137
160 157.326
161 157.520
162 157.719
163 157.922
164 158.131
165 158.345
166 158.563
167 158.788
168 159.018
169 159.253
170 159.494
171 159.742
172 159.995
173 160.254
174 160.520
175 160.792
176 161.071
177 161.356
178 161.649
179 161.949
180 162.256
181 162.570
182 162.893
183 163.223
184 163.561
185 163.908
186 164.263
187 164.626
188 164.999
189 165.381
190 165.773
191 166.174
192 166.585
193 167.007
194 167.439
195 167.882
196 168.336
197 168.802
198 169.280
199 169.770
200 170.272
201 170.787
202 171.316
203 171.858
204 172.414
205 172.985
206 173.571
207 174.173
208 174.791
209 175.425
210 176.076
211 176.745
212 177.432
213 178.137
214 178.863
215 179.608
216 180.374
217 181.162
218 181.972
219 182.805
220 183.662
221 184.543
222 185.451
223 186.385
224 187.347
225 188.337
226 189.357
227 190.408
228 191.492
229 192.609
230 193.760
231 194.948
232 196.174
233 197.438
234 198.744
235 200.093
236 201.486
237 202.925
238 204.413
239 205.952
240 207.544
241 209.191
242 210.896
243 212.663
244 214.493
245 216.389
246 218.356
247 220.397
248 222.515
249 224.715
250 227.000
251 229.376
252 231.846
253 234.417
254 237.094
255 141.139
256 141.573
257 142.016
258 142.470
259 142.934
260 143.409
261 143.895
262 144.393
263 144.902
264 145.423
265 145.957
266 146.504
267 147.064
268 147.637
269 148.224
270 148.826
271 149.443
272 150.075
273 150.723
274 151.387
275 152.068
276 152.767
277 153.483
278 154.218
279 154.973
280 155.747
281 156.542
282 157.358
283 158.196
284 159.057
285 159.941
286 160.850
287 161.784
288 162.744
289 163.731
290 164.747
291 165.792
292 166.867
293 167.974
294 169.114
295 170.288
296 171.497
297 172.744
298 174.028
299 175.353
300 176.719
301 178.129
302 179.584
303 181.086
304 182.638
305 184.241
306 185.898
307 187.611
308 189.383
309 191.217
310 193.116
311 195.082
312 197.119
313 199.230
314 201.420
315 203.692
316 206.050
317 208.499
318 211.044
319 213.689
320 105.114
321 105.396
322 105.684
323 13105.979
324 106.280
325 106.588
326 106.903
327 107.226
328 107.555
329 107.892
330 108.237
331 108.590
332 108.951
333 109.321
334 109.699
335 110.086
336 110.483
337 110.889
338 111.306
339 111.732
340 112.169
341 112.617
342 113.076
343 113.546
344 114.029
345 114.523
346 115.031
347 115.552
348 116.087
349 116.635
350 117.199
351 117.777
352 118.371
353 118.982
354 119.609
355 120.254
356 120.917
357 121.599
358 122.301
359 123.022
360 123.765
361 124.530
362 125.317
363 126.129
364 126.965
365 127.826
366 128.714
367 129.631
368 130.576
369 131.552
370 132.559
371 133.599
372 134.674
373 135.785
374 136.933
375 138.121
376 139.350
377 140.623
378 141.941
379 143.306
380 144.722
381 146.189
382 147.712
383 149.293
384 150.934
385 152.640
386 71.366
387 71.399
388 71.432
389 71.466
390 17071.500
391 71.534
392 71.569
393 71.605
394 71.641
395 71.678
396 71.715
397 71.753
398 71.792
399 71.831
400 71.870
401 71.910
402 71.951
403 71.992
404 72.034
405 72.077
406 72.120
407 72.164
408 72.209
409 72.254
410 72.300
411 72.346
412 72.394
413 72.441
414 72.490
415 72.539
416 72.589
417 72.640
418 72.692
419 72.744
420 72.797
421 72.851
422 72.905
423 72.961
424 73.017
425 73.074
426 73.132
427 73.191
428 73.250
429 73.311
430 73.372
431 73.434
432 73.497
433 73.561
434 73.626
435 73.692
436 73.759
437 73.827
438 73.896
439 73.966
440 74.037
441 74.109
442 74.182
443 74.256
444 74.331
445 74.407
446 74.485
447 74.563
448 74.643
449 74.724
450 74.806
451 74.889
452 74.974
453 75.060
454 75.147
455 75.235
456 75.325
457 75.416
458 14075.509
459 75.603
460 75.698
461 75.795
462 75.893
463 75.993
464 76.094
465 76.197
466 76.301
467 76.407
468 76.515
469 76.624
470 76.735
471 76.848
472 76.963
473 77.079
474 77.197
475 77.317
476 77.439
477 77.563
478 77.689
479 77.816
480 77.946
481 78.078
482 78.212
483 78.349
484 78.487
485 78.628
486 78.771
487 78.916
488 79.064
489 79.215
490 79.367
491 79.523
492 79.681
493 79.841
494 80.005
495 80.171
496 80.340
497 80.511
498 80.686
499 80.864
500 81.045
501 81.229
502 81.416
503 81.607
504 81.801
505 81.998
506 82.199
507 82.404
508 82.612
509 82.824
510 83.040
511 83.260
512 83.484
513 83.713
514 83.945
515 84.182
516 84.423
517 84.669
518 84.920
519 85.175
520 85.436
521 85.701
522 85.972
523 86.248
524 86.529
525 86.816
526 87.109
527 87.408
528 87.713
529 88.024
530 88.342
531 88.666
532 88.997
533 89.335
534 89.681
535 90.033
536 90.394
537 90.762
538 91.138
539 91.523
540 91.916
541 92.318
542 92.729
543 93.149
544 93.579
545 94.019
546 94.469
547 94.930
548 95.402
549 95.885
550 96.380
551 96.887
552 97.406
553 97.938
554 98.484
555 99.043
556 99.617
557 100.205
558 100.809
559 101.429
560 102.065
561 102.718
562 103.389
563 104.078
564 104.786
565 105.514
566 106.262
567 107.032
568 107.824
569 108.639
570 109.478
571 110.342
572 111.232
573 112.149
574 113.095
575 114.070
576 115.076
577 116.114
578 117.185
579 118.292
580 119.435
581 120.617
582 121.839
583 123.103
584 124.411
585 125.766
586 51.282
587 51.282
588 51.283
589 51.283
590 51.284
591 51.285
592 51.286
593 51.287
594 51.288
595 51.289
596 51.290
597 51.291
598 51.293
599 51.294
600 51.296
601 51.298
602 51.300
603 51.302
604 51.304
605 51.306
606 51.309
607 51.311
608 51.314
609 51.316
610 51.319
611 51.322
612 51.325
613 51.329
614 51.332
615 51.335
616 51.339
617 51.343
618 51.347
619 51.351
620 51.355
621 51.359
622 51.363
623 51.368
624 51.372
625 51.377
626 51.382
627 51.387
628 51.392
629 51.398
630 51.403
631 51.409
632 51.415
633 51.420
634 51.427
635 51.433
636 51.439
637 51.446
638 51.452
639 51.459
640 51.466
641 51.473
642 51.480
643 51.488
644 51.495
645 51.503
646 51.511
647 51.519
648 51.528
649 51.536
650 51.545
651 51.553
652 51.562
653 51.571
654 51.581
655 51.590
656 51.600
657 51.610
658 51.620
659 51.630
660 51.640
661 51.651
662 15051.662
663 51.673
664 51.684
665 51.695
666 51.707
667 51.719
668 51.731
669 51.743
670 51.755
671 51.768
672 51.780
673 51.794
674 51.807
675 51.820
676 51.834
677 51.848
678 51.862
679 51.876
680 51.891
681 51.906
682 51.921
683 51.936
684 51.951
685 51.967
686 51.983
687 51.999
688 52.016
689 52.032
690 52.049
691 52.067
692 52.084
693 52.102
694 52.120
695 52.138
696 52.157
697 52.176
698 52.195
699 52.214
700 52.234
701 52.254
702 52.274
703 52.295
704 52.315
705 52.336
706 52.358
707 52.380
708 52.402
709 52.424
710 52.447
711 52.470
712 52.493
713 52.517
714 52.541
715 52.565
716 52.590
717 52.615
718 52.640
719 52.666
720 52.692
721 52.718
722 52.745
723 52.772
724 52.799
725 52.827
726 52.856
727 52.884
728 52.913
729 52.943
730 52.973
731 53.003
732 53.033
733 53.064
734 53.096
735 53.128
736 53.160
737 53.193
738 53.226
739 53.260
740 53.294
741 53.328
742 53.364
743 53.399
744 53.435
745 53.471
746 53.508
747 53.546
748 53.584
749 53.622
750 53.661
751 53.701
752 53.741
753 53.781
754 53.822
755 53.864
756 53.906
757 53.949
758 53.993
759 54.037
760 54.081
761 54.126
762 54.172
763 54.218
764 54.265
765 54.313
766 54.361
767 54.410
768 54.460
769 54.510
770 54.561
771 54.613
772 54.665
773 54.718
774 54.772
775 54.826
776 54.881
777 54.937
778 54.994
779 55.052
780 55.110
781 55.169
782 55.229
783 55.290
784 55.352
785 55.414
786 55.477
787 55.542
788 55.607
789 55.673
790 55.740
791 55.808
792 55.876
793 55.946
794 56.017
795 56.089
796 56.162
797 56.236
798 56.311
799 56.387
800 56.464
801 56.542
802 56.621
803 56.702
804 56.783
805 56.866
806 56.950
807 57.035
808 57.122
809 57.210
810 57.299
811 57.389
812 57.481
813 57.574
814 57.668
815 57.764
816 57.862
817 57.960
818 58.061
819 58.163
820 58.266
821 58.371
822 58.478
823 58.586
824 58.696
825 58.807
826 58.921
827 59.036
828 59.153
829 59.272
830 59.393
831 59.515
832 59.640
833 59.767
834 59.895
835 60.026
836 60.159
837 60.294
838 60.431
839 60.571
840 60.713
841 60.857
842 61.004
843 61.153
844 61.305
845 61.459
846 61.616
847 61.776
848 61.938
849 62.104
850 62.272
851 62.443
852 62.617
853 62.795
854 62.975
855 63.159
856 63.346
857 63.536
858 63.730
859 63.928
860 64.129
861 64.334
862 64.543
863 64.756
864 64.973
865 65.194
866 65.419
867 65.649
868 65.883
869 66.122
870 66.366
871 66.614
872 66.868
873 67.126
874 67.390
875 67.660
876 67.935
877 68.215
878 68.502
879 68.795
880 69.094
881 69.399
882 69.711
883 70.030
884 70.356
885 70.689
886 71.030
887 71.379
888 71.735
889 72.100
890 72.473
891 72.855
892 73.246
893 73.646
894 74.056
895 74.476
896 74.906
897 75.347
898 75.799
899 76.263
900 76.738
901 77.226
902 77.726
903 78.240
904 78.767
905 79.308
906 79.864
907 80.436
908 81.023
909 81.627
910 82.248
911 82.887
912 83.544
913 84.221
914 84.918
915 85.636
916 86.376
917 87.138
918 87.925
919 88.736
920 89.574
921 36.180
922 36.165
923 36.151
924 36.136
925 36.121
926 36.106
927 36.091
928 36.077
929 36.062
930 36.047
931 36.033
932 36.018
933 36.003
934 35.988
935 35.973
936 35.959
937 35.944
938 35.929
939 35.915
940 35.900
941 35.885
942 35.870
943 35.855
944 35.841
945 35.826
946 35.811
947 35.797
948 35.782
949 35.767
950 35.752
951 35.737
952 35.723
953 35.708
954 35.693
955 35.679
956 35.664
957 35.649
958 35.634
959 35.619
960 35.605
961 35.590
962 35.575
963 35.561
964 35.546
965 35.531
966 35.516
967 35.501
968 35.487
969 35.472
970 35.457
971 35.443
972 35.428
973 35.413
974 35.398
975 35.383
976 35.369
977 35.354
978 35.339
979 35.325
980 35.310
981 35.295
982 35.280
983 35.265
984 35.251
985 35.236
986 35.221
987 35.207
988 35.192
989 35.177
990 35.162
991 35.147
992 35.133
993 35.118
994 35.103
995 35.089
996 35.074
997 35.059
998 35.044
999 35.029
